10.000000 
38.914209 
38.087341 
37.261468 
36.440978 
35.630248 
34.833575 
34.055042 
33.298570 
32.567920 
31.866648 
31.198065 
30.565204 
29.970773 
29.417118 
28.906188 
28.439494 
28.018079 
27.642601 
27.313662 
27.031436 
26.795550 
26.605081 
26.458566 
26.354023 
26.288980 
26.260520 
26.265331 
26.299769 
26.359933 
26.441604 
26.539932 
26.649918 
26.766647 
26.885367 
27.001577 
27.111102 
27.210167 
27.295449 
27.364136 
27.413952 
27.443191 
27.450814 
27.436748 
27.401572 
27.346389 
27.272790 
27.182804 
27.078843 
26.963644 
26.840202 
26.711704 
26.581464 
26.452860 
26.329201 
26.213486 
26.108535 
26.017008 
25.941361 
25.883809 
25.846294 
25.830464 
25.837648 
25.868848 
25.924728 
26.005609 
26.111519 
26.242333 
26.397648 
26.576754 
26.778651 
27.002074 
27.245520 
27.507283 
27.785485 
28.078119 
28.383093 
28.698267 
29.021414 
29.349993 
29.681463 
30.013422 
30.343646 
30.670123 
30.991087 
31.305040 
31.610768 
31.907349 
32.194156 
32.470842 
32.737454 
32.994794 
33.243999 
33.486373 
33.723342 
33.956414 
34.187121 
34.416981 
34.647448 
34.879872 
35.115462 
35.355260 
35.599964 
35.849454 
36.103250 
36.360671 
36.620846 
36.882738 
37.145166 
37.406841 
37.666396 
37.922429 
38.173532 
38.418335 
38.655676 
38.885065 
39.106274 
39.319209 
39.523918 
39.720597 
39.909585 
40.091354 
40.266497 
40.435703 
40.599737 
40.759418 
40.915554 
41.068825 
41.219851 
41.369206 
41.517394 
41.664837 
41.811860 
41.958692 
42.105454 
42.252170 
42.398765 
42.545081 
42.690793 
42.835152 
42.977269 
43.116230 
43.251102 
43.380958 
43.504883 
43.621991 
43.731432 
43.832408 
43.924173 
44.006043 
44.077513 
44.138609 
44.189541 
44.230586 
44.262088 
44.284454 
44.298151 
44.303704 
44.301693 
44.292742 
44.277519 
44.256729 
44.231042 
44.200905 
44.166717 
44.128886 
44.087823 
44.043936 
43.997620 
43.949257 
43.899211 
43.847821 
43.795407 
43.742262 
43.688690 
43.635093 
43.581887 
43.529476 
43.478253 
43.428607 
43.380925 
43.335594 
43.293000 
43.253530 
43.217570 
43.185496 
43.157649 
43.134269 
43.115541 
43.101609 
43.092562 
43.088430 
43.089169 
43.094656 
43.104685 
43.118968 
43.137131 
43.158725 
43.183232 
43.210057 
43.238568 
43.268112 
43.298042 
43.327733 
43.356609 
43.384162 
43.409971 
43.433714 
43.455184 
43.478007 
43.495452 
43.510987 
43.524879 
43.537487 
43.549243 
43.560635 
43.572178 
43.584389 
43.597766 
43.612761 
43.629759 
43.278655 
43.315805 
43.356185 
43.399869 
43.446833 
43.496959 
43.550060 
43.605888 
43.664164 
43.724597 
43.786912 
43.850869 
43.916290 
43.983069 
44.051170 
44.120653 
44.191680 
44.264516 
44.339513 
44.417104 
44.497779 
44.582068 
44.670510 
44.763634 
44.861930 
44.965829 
45.075710 
45.191853 
45.314427 
45.443482 
45.578944 
45.720623 
45.868220 
46.021338 
46.179499 
46.342157 
46.508719 
46.678532 
46.850842 
47.024855 
47.199754 
47.374700 
47.548817 
47.721175 
47.890769 
48.056494 
48.217116 
48.371248 
48.517318 
48.653581 
48.778183 
48.889070 
48.983961 
49.060360 
49.115578 
49.146773 
49.150991 
49.125233 
49.066515 
48.971952 
48.838833 
48.664639 
48.446899 
48.183498 
47.872828 
47.513855 
47.106175 
46.650051 
46.146448 
45.597031 
45.004163 
44.370871 
43.700807 
42.998361 
42.269123 
41.519260 
40.755228 
39.983668 
39.211297 
38.444788 
37.690667 
36.955198 
36.244292 
35.563414 
34.917505 
34.310678 
33.745444 
33.223399 
32.745452 
32.311819 
31.922031 
31.574963 
31.268865 
31.001413 
30.769762 
30.570610 
30.400268 
30.254926 
30.131319 
30.026210 
29.936277 
29.858182 
29.788645 
29.724505 
29.662786 
29.600751 
29.535951 
29.466266 
29.389941 
29.305554 
29.211843 
29.107907 
28.993273 
28.867889 
28.732114 
28.586693 
28.432737 
28.271686 
28.105266 
27.935451 
27.764409 
27.594430 
27.427814 
27.266873 
27.113893 
26.971081 
26.840514 
26.724088 
26.623473 
26.540078 
26.475016 
26.429081 
26.402733 
26.396103 
26.409046 
26.441100 
26.491484 
26.559123 
26.642682 
26.740601 
26.851138 
26.972420 
27.102490 
27.239360 
27.381066 
27.525724 
27.671619 
27.817211 
27.961169 
28.102401 
28.240085 
28.373686 
28.502968 
28.627995 
28.749127 
28.867006 
28.982528 
29.096749 
29.210626 
29.325192 
29.441583 
29.560985 
29.684586 
29.813523 
29.948834 
30.091413 
30.241968 
30.400987 
30.568710 
30.745127 
30.930023 
31.122920 
31.323068 
31.529453 
31.740829 
31.955745 
32.172579 
32.389583 
32.604927 
32.816747 
33.023190 
33.222540 
33.413506 
33.595020 
33.766185 
33.926307 
34.074915 
34.211775 
34.336895 
34.450527 
34.553154 
34.645479 
34.728406 
34.802999 
34.870425 
34.931954 
34.988936 
35.042768 
35.094862 
35.146612 
35.199365 
35.254396 
35.312884 
35.375891 
35.444351 
35.518927 
35.599624 
35.686167 
35.778132 
35.874954 
35.975931 
36.080236 
36.186936 
36.294998 
36.403318 
36.510732 
36.616038 
36.718182 
36.816765 
36.911575 
37.002439 
37.089247 
37.171959 
37.250626 
37.325393 
37.396516 
37.464360 
37.529403 
37.592235 
37.653453 
37.713367 
37.772275 
37.830552 
37.888631 
37.946987 
38.006123 
38.066550 
38.128768 
38.193254 
38.260445 
38.330728 
38.404461 
38.482083 
38.563991 
38.650507 
38.741875 
38.838262 
38.939763 
39.046407 
39.158156 
39.274915 
39.396536 
39.522822 
39.653516 
39.788260 
39.926640 
40.068204 
40.212456 
40.358863 
40.506855 
40.655824 
40.805131 
40.954113 
41.102086 
41.248363 
41.392262 
41.533114 
41.670289 
41.803227 
41.931452 
42.054600 
42.172442 
42.284898 
42.392058 
42.494193 
42.591763 
42.685747 
42.776985 
42.866368 
42.955157 
43.044743 
43.136611 
43.232311 
43.333412 
43.441463 
43.557949 
43.684248 
43.821591 
43.562954 
43.736339 
43.923141 
44.123658 
44.337926 
44.565723 
44.806572 
45.059759 
45.324353 
45.599231 
45.883110 
46.174579 
46.472130 
46.774195 
47.079180 
47.385490 
47.691549 
47.995826 
48.296843 
48.593188 
48.883522 
49.166576 
49.441152 
49.706112 
49.960370 
50.202884 
50.432657 
50.648713 
50.850078 
51.035776 
51.204815 
51.356182 
51.488841 
51.601728 
51.693755 
51.763814 
51.810782 
51.833509 
51.830756 
51.801282 
51.743889 
51.657434 
51.540856 
51.393197 
51.213624 
51.001453 
50.756181 
50.477503 
50.165347 
49.819916 
49.441781 
49.031833 
48.591285 
48.121683 
47.624914 
47.103210 
46.559142 
45.995603 
45.415788 
44.823157 
44.221389 
43.614319 
43.005818 
42.399777 
41.800036 
41.210308 
40.634091 
40.074582 
39.534598 
39.016501 
38.522129 
38.052750 
37.609018 
37.190995 
36.798265 
36.429836 
36.084135 
35.759058 
35.452050 
35.160189 
34.880289 
34.609006 
34.342957 
34.078835 
33.813519 
33.544186 
33.268397 
32.984184 
32.690109 
32.385309 
32.069518 
31.743063 
31.406849 
31.062314 
30.711369 
30.356328 
29.999817 
29.644624 
29.293424 
28.948853 
28.613475 
28.289688 
27.979648 
27.685205 
27.407844 
27.148658 
26.908324 
26.687098 
26.484829 
26.301001 
26.134824 
25.985226 
25.850885 
25.730289 
25.621791 
25.523669 
25.434177 
25.351600 
25.274292 
25.200717 
25.129479 
25.059406 
24.989752 
24.920022 
24.849915 
24.779318 
24.708311 
24.637154 
24.566286 
24.496316 
24.428015 
24.362309 
24.300270 
24.243052 
24.191690 
24.147281 
24.111033 
24.084250 
24.068313 
24.064665 
24.074776 
24.100125 
24.142159 
24.202262 
24.281713 
24.381657 
24.503066 
24.646701 
24.813070 
25.002401 
25.214617 
25.449324 
25.705802 
25.983010 
26.279595 
26.593919 
26.924090 
27.268079 
27.624013 
27.989986 
28.364033 
28.744192 
29.128558 
29.515342 
29.902920 
30.289879 
30.675055 
31.057559 
31.436795 
31.812256 
32.182873 
32.547649 
32.905852 
33.256980 
33.600731 
33.936958 
34.265626 
34.586766 
34.900429 
35.206646 
35.505387 
35.796711 
36.081287 
36.359827 
36.632878 
36.900821 
37.163867 
37.422059 
37.675283 
37.923280 
38.165665 
38.401941 
38.631528 
38.853746 
39.067743 
39.272614 
39.467450 
39.651358 
39.823479 
39.983007 
40.129204 
40.261418 
40.379094 
40.481799 
40.569226 
40.641231 
40.697869 
40.739383 
40.766208 
40.778985 
40.778566 
40.766023 
40.742653 
40.709969 
40.669698 
40.623761 
40.574255 
40.523386 
40.473329 
40.426290 
40.384499 
40.350152 
40.325362 
40.312096 
40.312124 
40.326961 
40.357814 
40.405545 
40.470627 
40.553130 
40.652719 
40.768633 
40.899692 
41.044314 
41.200552 
41.366139 
41.538551 
41.715063 
41.892834 
42.068973 
42.240627 
42.405122 
42.560224 
42.704025 
42.834935 
42.951731 
43.053598 
43.140150 
43.211439 
43.267954 
43.310594 
43.340639 
43.359704 
43.369602 
43.372042 
43.368800 
43.361720 
43.352646 
43.343348 
43.335458 
43.330414 
43.329414 
43.333379 
43.342927 
43.358370 
43.379737 
43.406870 
43.439376 
43.476632 
43.517839 
43.562068 
43.608315 
43.655560 
43.702816 
43.749182 
43.793887 
43.824510 
43.864766 
43.902353 
43.937271 
43.969729 
44.000119 
44.029001 
44.057067 
44.085102 
44.113944 
44.144441 
44.177410 
44.300698 
44.342140 
44.387587 
44.437358 
44.491607 
44.550318 
44.613321 
44.680296 
44.750802 
44.824306 
44.900213 
44.977909 
45.056793 
45.136320 
45.216015 
45.295528 
45.374662 
45.453396 
45.531903 
45.610557 
45.689929 
45.770786 
45.854067 
45.940864 
46.032389 
46.129987 
46.235234 
46.349753 
46.475108 
46.612761 
46.764016 
46.929973 
47.111477 
47.309081 
47.523005 
47.753102 
47.998840 
48.259214 
48.532544 
48.816673 
49.109045 
49.406726 
49.706438 
50.004595 
50.297356 
50.580684 
50.850410 
51.102307 
51.332168 
51.535919 
51.709818 
51.850417 
51.954618 
52.019737 
52.043577 
52.024481 
51.961383 
51.853835 
51.702023 
51.506773 
51.269527 
50.992304 
50.677625 
50.328465 
49.948189 
49.540457 
49.109122 
48.658124 
48.191384 
47.712695 
